0 26 1 206 100 175 175
0 26 1 207 100 176 176
0 28 1 205 97 179 179
0 26 1 205 98 179 179
0 26 1 208 101 172 172
0 26 1 210 102 170 170
0 26 1 211 100 173 173
0 26 1 210 102 173 173
0 26 1 212 102 173 173
0 26 1 210 99 175 175
0 26 1 210 101 175 175
0 28 1 210 99 175 175
0 27 1 209 98 178 178
0 26 1 210 99 178 178
0 26 1 208 98 181 181
0 26 1 214 101 173 173
0 26 1 214 100 174 174
0 26 1 217 100 175 175
0 26 1 214 98 179 179
0 26 1 216 100 174 174
0 28 1 217 99 174 174
0 26 1 218 100 176 176
0 26 1 217 99 175 175
0 26 1 219 98 175 175
0 28 1 220 100 174 174
0 28 1 221 98 178 178
0 28 1 224 98 174 174
0 26 1 224 97 174 174
0 26 1 227 97 174 174
0 28 1 226 96 178 178
0 28 1 228 96 175 175
0 28 1 230 98 175 175
0 28 1 233 98 174 174
0 28 1 234 96 174 174
0 26 1 235 98 171 171
0 26 1 239 97 170 170
0 26 1 237 97 174 174
0 26 1 239 96 176 176
0 26 1 240 96 174 174
0 26 1 240 97 175 175
0 26 1 244 98 172 172
0 26 1 245 95 173 173
0 26 1 246 96 171 171
0 26 1 250 99 169 169
0 26 1 252 98 170 170
0 26 1 251 96 176 176
0 26 1 256 100 166 166
0 26 1 259 100 167 167
0 26 1 260 100 168 168
0 26 1 260 99 168 168
0 26 1 262 99 166 166
0 26 1 262 98 171 171
0 26 1 260 96 171 171
0 26 1 264 96 169 169
0 26 1 263 97 169 169
0 26 1 267 100 164 164
0 26 1 268 99 163 163
0 26 1 268 100 167 167
0 26 1 269 98 167 167
0 26 1 270 99 167 167
0 26 1 270 98 170 170
0 27 1 270 97 168 168
0 26 1 270 96 166 166
0 27 1 270 98 166 166
0 26 1 269 97 168 168
0 26 1 270 97 165 165
0 26 1 267 95 170 170
0 26 1 268 97 166 166
0 26 1 267 96 169 169
0 26 1 268 95 168 168
0 26 1 268 98 167 167
0 26 1 266 97 169 169
0 26 1 267 98 168 168
0 26 1 267 96 168 168
0 26 1 265 96 169 169
0 26 1 263 95 173 173
0 26 1 265 97 165 165
0 26 1 261 95 170 170
0 26 1 264 95 167 167
0 25 1 262 92 172 172
0 26 1 259 91 175 175
0 26 1 260 92 173 173
0 26 1 261 94 171 171
0 26 1 261 93 172 172
0 26 1 260 92 172 172
0 25 1 259 93 170 170
0 25 1 258 92 171 171
0 25 1 256 92 172 172
0 25 1 254 92 173 173
0 25 1 253 91 173 173
0 26 1 253 91 174 174
0 26 1 255 93 170 170
0 25 1 250 91 177 177
0 26 1 250 92 173 173
0 26 1 248 90 175 175
0 26 1 250 92 172 172
0 26 1 249 93 173 173
0 26 1 248 91 174 174
0 26 1 246 92 175 175
0 26 1 246 91 173 173
0 26 1 245 91 174 174
0 25 1 243 90 176 176
0 25 1 244 92 174 174
0 25 1 240 90 178 178
0 25 1 238 90 180 180
0 25 1 238 93 175 175
0 25 1 237 91 177 177
0 26 1 237 93 174 174
0 26 1 235 94 175 175
0 26 1 230 94 176 176
0 25 1 229 92 176 176
0 25 1 228 90 178 178
0 25 1 226 91 181 181
0 25 1 225 92 176 176
0 25 1 224 92 176 176
0 25 1 225 94 173 173
0 26 1 221 90 178 178
0 26 1 222 92 172 172
0 26 1 219 90 175 175
0 26 1 218 89 177 177
0 26 1 216 91 179 179
0 26 1 214 90 177 177
0 26 1 214 91 176 176
0 26 1 213 93 174 174
0 25 1 209 90 178 178
0 25 1 208 90 180 180
0 25 1 209 92 176 176
0 25 1 208 93 176 176
0 25 1 204 90 178 178
0 25 1 205 93 172 172
0 25 1 201 90 177 177
0 26 1 199 91 180 180
0 26 1 199 90 176 176
0 28 1 199 90 178 178
0 28 1 200 92 173 173
0 26 1 199 91 171 171
0 28 1 197 90 174 174
0 26 1 193 90 176 176
0 26 1 192 89 175 175
0 26 1 192 90 174 174
0 26 1 190 90 176 176
0 26 1 189 90 175 175
0 26 1 189 90 173 173
0 25 1 186 89 176 176
0 26 1 187 90 172 172
0 26 1 185 91 174 174
0 25 1 183 89 177 177
0 26 1 185 90 172 172
0 26 1 183 91 170 170
0 26 1 180 90 172 172
0 26 1 180 91 169 169
0 25 1 178 88 174 174
0 25 1 181 92 166 166
0 25 1 179 91 165 165
0 26 1 176 91 168 168
0 25 1 177 91 168 168
0 25 1 176 93 164 164
0 26 1 173 91 168 168
0 25 1 171 91 167 167
0 25 1 171 90 168 168
0 26 1 170 90 165 165
0 26 1 167 88 170 170
0 26 1 170 90 162 162
0 26 1 168 89 165 165
0 26 1 168 89 164 164
0 26 1 163 87 169 169
0 26 1 165 89 165 165
0 26 1 164 90 164 164
0 26 1 165 90 163 163
0 27 1 162 90 163 163
0 27 1 158 87 170 170
0 28 1 159 89 162 162
0 28 1 158 89 164 164
0 28 1 158 90 163 163
0 28 1 156 88 164 164
0 28 1 156 90 161 161
0 28 1 155 90 163 163
0 28 1 152 89 164 164
0 28 1 153 94 159 159
0 29 1 154 93 159 159
0 29 1 150 92 163 163
0 29 1 150 93 160 160
0 28 1 150 94 159 159
0 29 1 148 91 161 161
0 28 1 147 91 163 163
0 29 1 148 92 163 163
0 28 1 150 99 153 153
0 29 1 143 95 159 159
0 28 1 145 95 156 156
0 29 1 144 94 155 155
0 29 1 150 99 148 148
0 28 1 149 98 149 149
0 28 1 145 95 154 154
0 28 1 146 92 155 155
0 28 1 146 92 155 155
0 28 1 142 95 158 158
0 28 1 143 97 156 156
0 28 1 142 96 157 157
0 28 1 140 94 159 159
0 28 1 138 92 161 161
0 28 1 142 95 155 155
0 29 1 138 92 161 161
0 28 1 144 93 156 156
0 28 1 145 95 156 156
0 28 1 143 93 159 159
0 28 1 145 96 156 156
0 29 1 144 94 161 161
0 28 1 147 94 160 160
0 28 1 148 96 156 156
0 28 1 148 92 161 161
0 28 1 147 90 164 164
0 28 1 148 90 161 161
0 28 1 147 87 162 162
0 28 1 152 91 160 160
0 28 1 153 92 161 161
0 28 1 153 92 162 162
0 28 1 154 91 162 162
0 28 1 155 92 160 160
0 28 1 156 89 162 162
0 28 1 158 90 162 162
0 28 1 158 89 163 163
0 27 1 158 88 166 166
0 27 1 160 87 164 164
0 27 1 163 88 163 163
0 27 1 160 84 172 172
0 26 1 166 88 164 164
0 26 1 167 87 166 166
0 26 1 166 86 169 169
0 26 1 169 86 167 167
0 26 1 169 85 169 169
0 26 1 169 84 168 168
0 26 1 173 86 165 165
0 26 1 174 84 166 166
0 25 1 172 82 172 172
0 26 1 173 84 170 170
0 26 1 175 81 171 171
0 26 1 179 83 172 172
0 26 1 179 84 170 170
0 25 1 180 81 171 171
0 25 1 180 82 172 172
0 26 1 185 83 168 168
0 26 1 184 82 169 169
0 26 1 182 81 175 175
0 26 1 186 81 171 171
0 26 1 188 82 169 169
0 26 1 188 80 171 171
0 26 1 188 79 173 173
0 26 1 189 80 171 171
0 26 1 193 80 170 170
0 26 1 193 80 170 170
0 26 1 194 81 171 171
0 26 1 196 79 173 173
0 26 1 196 81 173 173
0 26 1 195 82 173 173
0 26 1 197 81 171 171
0 26 1 198 81 169 169
0 26 1 196 80 173 173
0 26 1 198 81 169 169
0 26 1 199 79 171 171
0 26 1 199 79 172 172
0 26 1 200 81 171 171
0 26 1 202 82 170 170
0 26 1 199 80 176 176
0 28 1 199 80 175 175
0 28 1 201 81 172 172
0 28 1 204 82 171 171
0 26 1 203 81 175 175
0 28 1 201 83 177 177
0 26 1 202 82 178 178
0 28 1 202 83 177 177
0 28 1 203 85 176 176
0 28 1 204 85 177 177
0 28 1 203 85 176 176
0 28 1 203 84 178 178
0 28 1 202 83 182 182
0 26 1 203 85 178 178
0 25 1 202 86 179 179
0 25 1 203 88 181 181
0 25 1 202 88 182 182
0 25 1 203 90 178 178
0 25 1 204 92 175 175
0 25 1 204 93 177 177
0 25 1 206 90 175 175
0 25 1 203 91 177 177
0 25 1 202 87 180 180
0 25 1 203 86 177 177
0 25 1 205 87 173 173
0 25 1 202 84 177 177
0 26 1 205 83 171 171
0 26 1 205 82 170 170
0 28 1 202 81 173 173
0 28 1 202 79 173 173
0 28 1 206 81 166 166
0 28 1 207 79 167 167
0 28 1 204 78 168 168
0 28 1 206 78 165 165
0 28 1 207 77 165 165
0 28 1 208 78 161 161
0 28 1 209 76 163 163
0 26 1 211 75 159 159
0 28 1 211 76 160 160
0 28 1 208 73 162 162
0 28 1 210 74 161 161
0 28 1 211 72 160 160
0 28 1 212 72 160 160
0 28 1 213 72 157 157
0 26 1 211 69 160 160
0 28 1 211 70 159 159
0 26 1 207 64 166 166
0 27 1 212 64 161 161
0 26 1 214 64 158 158
0 26 1 213 61 163 163
0 26 1 217 65 152 152
0 26 1 216 65 156 156
0 28 1 217 62 156 156
0 28 1 219 65 151 151
0 26 1 226 68 139 139
0 26 1 227 67 139 139
0 26 1 227 66 139 139
0 26 1 226 67 140 140
0 26 1 228 65 144 144
0 28 1 230 66 138 138
0 28 1 230 66 138 138
0 28 1 232 63 140 140
0 28 1 232 64 136 136
0 28 1 232 65 137 137
0 28 1 228 60 141 141
0 28 1 226 61 142 142
0 27 1 226 54 153 153
0 28 1 229 60 141 141
0 28 1 228 65 135 135
0 28 1 235 65 134 134
0 28 1 225 52 149 149
0 28 1 231 55 140 140
0 28 1 235 68 128 128
0 28 1 237 62 132 132
0 28 1 235 61 135 135
0 28 1 236 58 135 135
0 28 1 234 60 135 135
0 28 1 232 62 137 137
0 28 1 235 60 135 135
0 28 1 235 60 137 137
0 28 1 225 55 147 147
0 26 1 228 55 139 139
0 26 1 230 66 131 131
0 26 1 231 65 135 135
0 26 1 230 64 138 138
0 26 1 228 65 139 139
0 26 1 230 66 137 137
0 26 1 231 68 135 135
0 26 1 230 68 139 139
0 26 1 226 66 142 142
0 26 1 228 66 140 140
0 26 1 226 70 138 138
0 26 1 225 72 138 138
0 26 1 219 65 152 152
0 26 1 221 67 149 149
0 26 1 218 68 151 151
0 26 1 216 67 153 153
0 26 1 221 69 147 147
0 26 1 217 67 153 153
0 28 1 215 70 154 154
0 28 1 213 69 156 156
0 28 1 211 64 165 165
0 28 1 210 65 163 163
0 26 1 213 70 159 159
0 28 1 212 69 160 160
0 28 1 209 68 162 162
0 28 1 213 70 158 158
0 28 1 213 73 160 160
0 28 1 214 73 160 160
0 28 1 213 75 157 157
0 28 1 211 74 163 163
0 28 1 213 77 160 160
0 28 1 211 77 161 161
0 28 1 213 78 158 158
0 28 1 214 79 157 157
0 28 1 213 80 160 160
0 28 1 211 80 164 164
0 26 1 211 80 162 162
0 28 1 210 79 163 163
0 28 1 209 78 169 169
0 28 1 207 78 169 169
0 28 1 208 81 164 164
0 28 1 208 81 166 166
0 28 1 206 81 169 169
0 28 1 201 81 172 172
0 28 1 204 81 174 174
0 28 1 206 85 166 166
0 28 1 204 83 173 173
0 26 1 204 81 176 176
0 26 1 201 82 179 179
0 28 1 199 82 181 181
0 28 1 201 82 180 180
0 28 1 201 86 179 179
0 28 1 203 88 177 177
0 26 1 200 88 180 180
0 28 1 200 88 181 181
0 28 1 204 91 176 176
0 28 1 203 92 179 179
0 28 1 200 90 182 182
0 28 1 201 91 180 180
0 28 1 200 90 183 183
0 28 1 200 91 185 185
0 28 1 198 91 183 183
0 28 1 201 91 184 184
0 28 1 201 94 183 183
0 28 1 199 94 185 185
0 28 1 198 96 183 183
0 28 1 200 97 185 185
0 28 1 200 97 183 183
0 28 1 198 96 188 188
0 28 1 200 99 187 187
0 28 1 200 102 184 184
0 28 1 198 105 185 185
0 28 1 201 107 183 183
0 28 1 204 111 177 177
0 28 1 202 110 182 182
0 28 1 200 109 186 186
0 28 1 199 110 187 187
0 28 1 199 111 187 187
0 28 1 200 114 184 184
0 28 1 198 116 187 187
0 26 1 201 119 183 183
0 28 1 200 120 183 183
0 28 1 201 122 182 182
0 26 1 201 121 184 184
0 28 1 200 121 183 183
0 28 1 198 119 187 187
0 28 1 201 121 186 186
0 28 1 198 120 190 190
0 28 1 199 121 186 186
0 28 1 201 123 184 184
0 28 1 200 123 184 184
0 28 1 198 123 188 188
0 28 1 199 125 185 185
0 28 1 198 125 186 186
0 28 1 198 125 188 188
0 28 1 201 129 181 181
0 28 1 200 124 185 185
0 28 1 200 129 182 182
0 28 1 200 127 185 185
0 28 1 200 126 185 185
0 28 1 199 126 185 185
0 28 1 197 124 188 188
0 28 1 199 125 185 185
0 28 1 198 124 186 186
0 28 1 198 125 189 189
0 28 1 199 127 184 184
0 28 1 197 123 189 189
0 28 1 196 123 191 191
0 28 1 199 122 185 185
0 28 1 199 122 185 185
0 26 1 201 121 184 184
0 26 1 197 117 192 192
0 26 1 200 118 185 185
0 26 1 198 116 185 185
0 26 1 201 113 184 184
0 27 1 200 114 183 183
0 27 1 198 109 189 189
0 27 1 195 108 191 191
0 26 1 198 107 187 187
0 27 1 199 108 184 184
0 28 1 201 108 181 181
0 28 1 199 108 182 182
0 28 1 199 107 181 181
0 28 1 198 105 183 183
0 28 1 198 103 183 183
0 28 1 198 100 186 186
0 28 1 195 99 190 190
0 28 1 197 99 187 187
0 28 1 199 100 179 179
0 28 1 198 98 184 184
0 28 1 197 96 184 184
0 28 1 195 93 187 187
0 28 1 195 92 187 187
0 28 1 196 91 186 186
0 28 1 195 89 183 183
0 28 1 197 92 181 181
0 28 1 196 91 181 181
0 28 1 198 92 181 181
0 28 1 198 91 178 178
0 28 1 198 91 178 178
0 28 1 200 91 174 174
0 28 1 200 91 174 174
0 28 1 199 91 175 175
0 26 1 196 87 178 178
0 26 1 196 87 180 180
0 27 1 196 86 181 181
0 28 1 197 86 180 180
0 28 1 197 86 179 179
0 28 1 197 87 176 176
0 28 1 199 87 173 173
0 28 1 197 87 175 175
0 28 1 198 87 173 173
0 28 1 200 88 171 171
0 28 1 197 87 175 175
0 28 1 196 85 176 176
0 28 1 200 83 173 173
0 28 1 201 86 172 172
0 28 1 197 83 177 177
0 28 1 201 85 172 172
0 28 1 201 85 172 172
0 28 1 203 84 169 169
0 28 1 203 83 168 168
0 28 1 203 83 171 171
0 28 1 205 85 165 165
0 28 1 205 83 167 167
0 28 1 205 84 166 166
0 28 1 204 85 165 165
0 28 1 204 83 167 167
0 28 1 207 83 165 165
0 28 1 203 80 171 171
0 28 1 205 82 164 164
0 28 1 204 79 167 167
0 28 1 204 84 167 167
0 28 1 206 84 165 165
0 28 1 203 82 170 170
0 28 1 203 83 169 169
0 28 1 199 80 174 174
0 28 1 203 80 170 170
0 28 1 202 80 172 172
0 28 1 206 83 166 166
0 28 1 204 85 165 165
0 28 1 206 85 166 166
0 28 1 204 86 166 166
0 28 1 202 83 174 174
0 28 1 203 87 172 172
0 28 1 201 87 176 176
0 28 1 204 90 170 170
0 28 1 204 91 171 171
0 28 1 204 90 172 172
0 28 1 203 89 175 175
0 28 1 203 90 174 174
0 28 1 202 89 176 176
0 28 1 202 90 175 175
0 28 1 203 88 174 174
0 28 1 201 88 178 178
0 28 1 203 87 177 177
0 28 1 206 90 170 170
0 28 1 202 89 177 177
0 28 1 204 90 174 174
0 28 1 200 88 178 178
0 28 1 203 89 174 174
0 28 1 202 90 176 176
