0 33 1 394 102 94 94
1 33 -1 113 140 84 84
0 33 1 395 101 94 94
1 33 -1 114 141 83 83
0 33 1 397 99 97 97
1 33 -1 114 145 82 82
0 33 1 402 103 92 92
1 33 -1 113 142 82 82
0 33 1 403 102 91 91
1 45 -1 113 141 83 83
0 33 1 403 104 92 92
1 33 -1 112 140 85 85
0 29 1 402 105 92 92
1 33 -1 113 142 83 83
0 29 1 402 107 90 90
1 33 -1 112 142 85 85
0 29 1 401 106 92 92
1 33 -1 113 142 82 82
0 33 1 399 105 93 93
1 29 -1 113 139 81 81
0 33 1 399 104 93 93
1 33 -1 112 137 86 86
0 33 1 401 102 92 92
1 29 -1 117 138 79 79
0 33 1 403 102 90 90
1 33 -1 115 136 83 83
0 33 1 404 104 90 90
1 33 -1 117 139 81 81
0 33 1 406 105 90 90
1 33 -1 116 139 83 83
0 33 1 408 106 87 87
1 33 -1 114 140 85 85
0 33 1 410 106 87 87
1 33 -1 114 142 84 84
0 33 1 407 106 91 91
1 47 -1 114 147 81 81
0 33 1 408 106 89 89
1 45 -1 114 144 83 83
0 33 1 405 103 92 92
1 33 -1 113 142 83 83
0 33 1 407 104 87 87
1 29 -1 113 142 85 85
0 33 1 403 102 89 89
1 33 -1 113 143 82 82
0 33 1 402 105 87 87
1 33 -1 113 142 84 84
0 33 1 400 103 89 89
1 33 -1 114 144 82 82
0 33 1 398 102 93 93
1 33 -1 114 146 82 82
0 29 1 396 102 93 93
1 33 -1 112 145 86 86
0 29 1 394 102 94 94
1 33 -1 113 146 82 82
0 29 1 394 103 93 93
1 33 -1 113 145 85 85
0 29 1 393 101 93 93
1 33 -1 112 145 85 85
0 29 1 391 102 95 95
1 33 -1 113 144 85 85
0 33 1 392 101 92 92
1 33 -1 113 144 84 84
0 29 1 392 102 92 92
1 33 -1 111 142 88 88
0 29 1 391 101 94 94
1 45 -1 112 144 84 84
0 29 1 394 103 91 91
1 33 -1 114 145 84 84
0 29 1 396 103 88 88
1 33 -1 114 145 85 85
0 29 1 395 102 90 90
1 33 -1 113 145 85 85
0 29 1 394 102 92 92
1 33 -1 115 147 82 82
0 29 1 393 102 92 92
1 33 -1 114 147 82 82
0 29 1 393 102 91 91
1 33 -1 113 146 82 82
0 29 1 392 102 92 92
1 33 -1 113 146 83 83
0 29 1 391 101 95 95
1 33 -1 113 146 83 83
0 29 1 392 100 92 92
1 33 -1 112 146 84 84
0 29 1 390 102 93 93
1 33 -1 113 147 83 83
0 29 1 390 104 92 92
1 33 -1 112 148 83 83
0 33 1 391 106 90 90
1 33 -1 110 146 84 84
0 33 1 390 104 92 92
1 45 -1 111 147 84 84
0 33 1 392 105 89 89
1 45 -1 110 146 85 85
0 33 1 392 105 90 90
1 45 -1 110 146 85 85
0 47 -1 110 144 87 87
1 33 1 395 107 85 85
0 29 1 393 106 87 87
1 52 -1 111 148 84 84
0 33 1 393 106 87 87
1 52 -1 111 146 84 84
0 33 1 394 106 87 87
1 52 -1 111 144 84 84
0 47 -1 110 140 87 87
1 33 1 393 112 86 86
0 33 -1 110 139 87 87
1 33 1 395 113 84 84
0 33 1 393 108 88 88
1 47 -1 111 140 85 85
0 33 1 392 108 88 88
1 33 -1 110 140 86 86
0 33 1 388 105 95 95
1 33 -1 111 141 83 83
0 33 1 388 105 93 93
1 33 -1 111 140 83 83
0 33 1 385 103 96 96
1 33 -1 111 140 84 84
0 33 1 386 104 92 92
1 33 -1 111 139 86 86
0 33 1 382 104 94 94
1 33 -1 111 137 86 86
0 33 1 381 102 94 94
1 33 -1 113 137 84 84
0 33 1 382 104 91 91
1 33 -1 114 138 83 83
0 29 1 379 102 97 97
1 33 -1 115 138 83 83
0 29 1 382 102 92 92
1 45 -1 115 140 84 84
0 33 1 380 103 96 96
1 33 -1 115 140 83 83
0 33 1 384 105 89 89
1 33 -1 115 140 83 83
0 29 1 385 108 91 91
1 33 -1 116 140 82 82
0 29 1 385 110 92 92
1 33 -1 115 139 85 85
0 33 1 387 110 89 89
1 33 -1 115 139 84 84
0 33 1 385 105 96 96
1 33 -1 115 138 84 84
0 33 1 387 105 95 95
1 33 -1 115 139 83 83
0 33 1 391 107 92 92
1 33 -1 114 138 85 85
0 33 1 391 109 91 91
1 33 -1 114 138 85 85
0 33 1 394 107 91 91
1 33 -1 114 139 86 86
0 33 1 393 109 93 93
1 33 -1 115 139 85 85
0 33 1 392 107 95 95
1 33 -1 114 139 85 85
0 33 1 394 108 91 91
1 45 -1 114 139 85 85
0 33 1 392 104 95 95
1 52 -1 114 144 83 83
0 33 1 393 105 93 93
1 52 -1 115 145 81 81
0 33 1 391 105 97 97
1 47 -1 115 145 82 82
0 33 1 391 106 93 93
1 45 -1 114 143 83 83
0 29 1 390 109 92 92
1 33 -1 113 143 84 84
0 29 1 389 109 93 93
1 33 -1 114 145 82 82
0 29 1 387 108 93 93
1 33 -1 112 143 84 84
0 33 1 388 107 93 93
1 33 -1 113 144 84 84
0 33 1 385 105 96 96
1 29 -1 113 144 83 83
0 33 1 387 107 92 92
1 33 -1 112 145 84 84
0 33 1 387 108 91 91
1 29 -1 112 145 84 84
0 33 1 386 108 91 91
1 29 -1 113 146 83 83
0 33 1 384 107 92 92
1 29 -1 111 146 84 84
0 33 1 383 105 95 95
1 29 -1 112 146 84 84
0 33 1 385 106 94 94
1 29 -1 111 146 84 84
0 33 1 386 106 92 92
1 29 -1 110 145 85 85
0 33 1 383 103 99 99
1 47 -1 111 147 83 83
0 33 1 385 101 96 96
1 52 -1 114 150 78 78
0 33 1 387 100 95 95
1 52 -1 113 148 80 80
0 29 1 390 102 93 93
1 33 -1 112 146 81 81
0 29 1 389 102 96 96
1 33 -1 111 146 83 83
0 29 1 392 103 94 94
1 33 -1 110 145 83 83
0 29 1 390 103 97 97
1 33 -1 108 145 85 85
0 29 1 393 103 94 94
1 33 -1 109 146 83 83
0 29 1 391 104 94 94
1 33 -1 108 147 82 82
0 33 1 392 105 94 94
1 33 -1 109 146 83 83
0 33 1 390 104 95 95
1 29 -1 107 144 84 84
0 33 1 390 104 94 94
1 33 -1 108 144 83 83
0 33 1 385 102 99 99
1 29 -1 108 144 83 83
0 29 1 385 102 99 99
1 33 -1 108 143 84 84
0 29 1 386 103 98 98
1 33 -1 107 144 84 84
0 29 1 388 106 96 96
1 29 1 108 145 82 82
0 29 1 390 105 95 95
1 33 -1 109 145 83 83
0 29 1 388 106 96 96
1 33 -1 108 145 84 84
0 29 1 392 106 91 91
1 33 -1 108 145 83 83
0 29 1 393 106 90 90
1 33 -1 109 143 85 85
0 29 1 394 106 90 90
1 33 -1 110 145 83 83
0 29 1 391 104 97 97
1 33 -1 110 144 84 84
0 29 1 391 104 96 96
1 45 -1 110 145 82 82
0 33 1 393 106 94 94
1 52 -1 112 150 80 80
0 29 1 394 107 93 93
1 52 -1 113 150 81 81
0 29 1 395 111 93 93
1 45 -1 112 148 83 83
0 33 1 394 112 93 93
1 37 -1 113 149 81 81
0 33 1 394 111 92 92
1 33 -1 112 148 82 82
0 33 1 396 112 90 90
1 33 -1 111 146 84 84
0 33 1 393 111 91 91
1 33 -1 112 146 83 83
0 33 1 394 110 90 90
1 33 -1 112 146 82 82
0 33 1 393 109 90 90
1 45 -1 112 145 83 83
0 33 1 393 110 89 89
1 33 -1 113 148 80 80
0 33 1 394 109 88 88
1 45 -1 112 145 83 83
0 33 1 395 109 89 89
1 33 -1 111 143 85 85
0 33 1 396 108 90 90
1 33 -1 110 143 86 86
0 33 1 399 108 89 89
1 45 -1 112 145 83 83
0 33 1 399 108 88 88
1 45 -1 111 141 85 85
0 33 1 401 108 88 88
1 45 -1 112 139 85 85
0 33 1 401 107 91 91
1 47 -1 111 138 86 86
0 33 1 405 108 89 89
1 45 -1 111 138 85 85
0 33 1 405 108 89 89
1 45 -1 110 137 87 87
0 33 1 407 109 88 88
1 45 -1 112 138 83 83
0 33 1 408 109 87 87
1 33 -1 111 139 84 84
0 33 1 407 108 90 90
1 33 -1 111 137 83 83
0 33 1 407 108 89 89
1 33 -1 110 138 84 84
0 33 1 409 108 88 88
1 33 -1 110 138 84 84
0 33 1 407 108 89 89
1 29 -1 111 138 84 84
0 33 1 404 106 90 90
1 33 -1 110 138 85 85
0 33 1 404 106 88 88
1 33 -1 110 139 85 85
0 33 1 405 107 88 88
1 33 -1 109 139 85 85
0 33 1 403 107 90 90
1 33 -1 109 140 85 85
0 33 1 401 108 90 90
1 33 -1 109 140 83 83
0 33 1 402 109 87 87
1 33 -1 109 141 84 84
0 33 1 399 106 91 91
1 33 -1 110 140 82 82
0 33 1 399 106 89 89
1 29 -1 109 140 83 83
0 33 1 397 104 92 92
1 33 -1 110 140 83 83
0 33 1 395 105 93 93
1 33 -1 111 141 82 82
0 33 1 397 106 91 91
1 33 -1 111 141 83 83
0 29 1 396 103 96 96
1 33 -1 111 141 83 83
0 29 1 398 104 93 93
1 33 -1 110 141 84 84
0 33 1 400 107 92 92
1 33 -1 111 142 84 84
0 33 1 401 108 93 93
1 33 -1 112 143 82 82
0 33 1 400 109 91 91
1 52 -1 111 145 80 80
0 33 1 402 107 90 90
1 52 -1 112 147 79 79
0 33 1 399 106 93 93
1 45 -1 111 144 81 81
0 29 1 400 105 93 93
1 33 -1 110 141 82 82
0 29 1 397 106 95 95
1 33 -1 110 141 82 82
0 33 1 394 106 95 95
1 33 -1 109 141 83 83
0 33 1 388 109 92 92
1 33 -1 110 142 82 82
0 33 1 376 108 94 94
1 33 -1 109 143 82 82
0 29 1 369 111 89 89
1 33 -1 110 145 81 81
0 33 1 359 113 93 93
1 33 -1 109 145 83 83
0 33 1 347 111 101 101
1 33 -1 109 145 82 82
0 33 1 344 116 97 97
1 33 -1 109 143 83 83
0 47 1 344 122 91 91
1 33 -1 109 144 85 85
0 33 1 331 115 99 99
1 33 -1 109 144 85 85
0 52 1 335 121 92 92
1 33 -1 110 145 84 84
0 33 -1 109 145 84 84
0 33 1 331 121 88 88
1 33 -1 110 145 83 83
0 52 1 333 125 90 90
1 33 -1 109 145 85 85
0 52 1 336 127 89 89
1 33 -1 107 144 87 87
0 52 1 338 127 87 87
1 33 -1 108 144 86 86
0 52 1 340 126 89 89
1 33 -1 108 145 84 84
0 33 1 345 131 84 84
1 33 -1 109 145 84 84
0 33 1 343 128 85 85
1 33 -1 109 144 84 84
0 33 -1 108 142 86 86
1 52 1 344 130 78 78
0 33 -1 110 144 83 83
1 52 1 340 128 81 81
0 33 -1 110 144 84 84
1 52 1 340 124 79 79
0 33 -1 110 144 85 85
1 52 1 336 123 81 81
0 52 1 331 120 89 89
1 33 -1 111 144 82 82
0 52 1 332 124 89 89
1 33 -1 110 145 83 83
0 33 1 331 121 85 85
1 33 -1 109 143 84 84
0 33 -1 109 143 85 85
0 33 1 325 121 89 89
1 33 -1 111 142 82 82
0 33 1 323 118 92 92
1 33 -1 109 141 84 84
0 33 1 320 115 95 95
1 33 -1 111 141 83 83
0 33 -1 110 142 83 83
0 33 -1 110 141 84 84
0 33 -1 110 141 82 82
1 52 1 329 118 78 78
0 33 -1 108 140 85 85
0 33 -1 109 142 83 83
0 33 -1 109 141 82 82
0 33 -1 109 141 82 82
0 33 -1 108 140 84 84
0 33 1 330 120 84 84
1 45 -1 109 143 82 82
0 47 -1 110 144 82 82
0 33 -1 110 145 80 80
0 33 -1 111 144 81 81
0 33 -1 110 144 83 83
0 52 1 330 117 93 93
1 33 -1 110 144 81 81
0 47 1 326 114 97 97
1 33 -1 109 142 81 81
0 52 1 333 122 89 89
1 33 -1 108 139 85 85
0 33 -1 109 138 86 86
1 52 1 336 123 84 84
0 33 1 330 116 94 94
1 33 -1 109 137 85 85
0 58 1 340 126 86 86
1 33 -1 111 139 84 84
0 33 -1 111 142 84 84
1 52 1 342 127 84 84
0 63 1 343 126 89 89
1 33 -1 111 143 84 84
0 33 1 342 121 88 88
1 33 -1 111 144 84 84
0 63 1 336 118 94 94
1 33 -1 110 146 84 84
0 52 1 334 115 93 93
1 33 -1 110 145 84 84
0 33 -1 110 145 85 85
1 63 1 337 124 85 85
0 33 -1 110 144 84 84
1 63 1 337 124 81 81
0 33 -1 110 143 85 85
0 33 -1 109 140 87 87
1 29 1 337 122 73 73
0 29 -1 110 141 86 86
0 52 1 330 120 89 89
1 33 -1 111 143 84 84
0 52 1 326 123 89 89
1 33 -1 111 141 85 85
0 63 1 329 120 89 89
1 33 -1 112 143 83 83
0 33 -1 111 143 85 85
0 33 -1 110 143 85 85
1 33 1 337 123 75 75
0 33 -1 109 143 87 87
0 33 -1 110 144 84 84
0 33 -1 108 143 86 86
0 33 1 326 125 89 89
1 33 -1 109 143 85 85
0 33 -1 109 142 84 84
0 33 -1 109 141 84 84
0 33 -1 109 141 85 85
1 29 1 333 129 71 71
0 33 -1 110 142 85 85
0 33 -1 109 141 85 85
0 33 -1 108 141 86 86
0 33 -1 109 143 84 84
0 33 -1 109 143 82 82
0 33 -1 107 142 87 87
0 33 -1 107 142 85 85
0 33 1 326 120 89 89
1 33 -1 109 144 83 83
0 33 -1 110 144 81 81
0 33 -1 109 143 84 84
0 29 -1 108 142 86 86
0 47 1 316 113 100 100
1 33 -1 108 142 85 85
0 33 -1 108 143 86 86
0 47 1 314 114 102 102
1 33 -1 107 143 86 86
0 33 1 320 117 99 99
1 33 -1 108 145 84 84
0 33 1 324 121 95 95
1 45 -1 111 144 85 85
0 33 1 318 120 100 100
1 33 -1 119 143 85 85
0 33 1 319 125 93 93
1 33 -1 129 143 82 82
0 33 1 322 127 88 88
1 33 -1 135 138 88 88
0 33 -1 141 138 89 89
1 33 1 325 130 84 84
0 33 1 324 126 90 90
1 29 -1 146 138 90 90
0 28 -1 152 139 89 89
1 47 1 331 127 88 88
0 47 1 337 124 90 90
1 28 -1 155 139 90 90
0 29 -1 157 140 91 91
1 58 -1 349 122 89 89
0 52 -1 351 120 92 92
1 28 -1 157 140 91 91
0 28 -1 158 139 92 92
1 33 1 361 119 91 91
0 33 1 363 114 97 97
1 28 -1 160 141 88 88
0 33 1 369 114 94 94
1 28 -1 158 139 92 92
0 33 1 376 114 93 93
1 28 -1 158 140 92 92
0 28 -1 159 138 92 92
1 52 1 382 114 90 90
0 52 1 385 111 93 93
1 28 -1 159 140 89 89
0 33 1 392 112 88 88
1 28 -1 159 141 86 86
0 33 1 393 111 91 91
1 28 -1 158 141 89 89
0 33 1 398 110 90 90
1 28 -1 158 141 88 88
0 33 1 400 112 88 88
1 28 -1 158 141 88 88
0 33 1 402 112 88 88
1 28 -1 160 141 87 87
0 28 -1 156 140 91 91
1 33 1 402 111 90 90
0 28 -1 156 138 93 93
1 33 1 402 111 90 90
0 28 -1 157 138 92 92
1 29 1 404 111 89 89
0 28 -1 157 138 93 93
1 33 1 404 112 90 90
0 28 -1 158 139 90 90
1 33 1 403 114 89 89
0 28 -1 159 140 90 90
1 33 1 404 114 88 88
0 33 1 401 115 92 92
1 28 -1 158 142 89 89
0 33 1 400 114 91 91
1 28 -1 157 142 88 88
0 33 1 398 111 92 92
1 28 -1 157 137 92 92
0 33 1 398 112 90 90
1 28 -1 158 138 89 89
0 33 1 398 113 89 89
1 28 -1 158 138 89 89
0 33 1 398 110 90 90
1 28 -1 158 138 88 88
0 33 1 397 108 92 92
1 28 -1 158 138 89 89
0 33 1 396 108 92 92
1 28 -1 158 137 90 90
0 28 -1 157 136 92 92
1 33 1 400 107 90 90
0 28 -1 156 135 93 93
1 33 1 400 107 91 91
0 33 1 398 105 95 95
1 26 -1 155 137 93 93
0 33 1 402 106 92 92
1 28 -1 158 137 89 89
0 33 1 402 107 91 91
1 28 -1 158 137 88 88
0 33 1 405 106 90 90
1 26 -1 158 136 89 89
0 28 -1 157 137 89 89
1 33 1 408 108 87 87
0 33 1 407 108 90 90
1 28 -1 157 135 90 90
0 33 1 407 106 92 92
1 26 -1 158 135 90 90
0 33 1 405 107 94 94
1 26 -1 158 137 89 89
0 33 1 408 109 91 91
1 29 -1 156 139 88 88
0 33 1 405 109 93 93
1 28 -1 157 138 87 87
0 26 -1 156 137 89 89
1 29 1 407 110 88 88
0 29 1 403 110 92 92
1 26 -1 156 137 89 89
0 25 -1 156 137 89 89
1 29 1 403 112 88 88
0 29 1 398 110 93 93
1 28 -1 155 135 92 92
0 29 1 398 110 92 92
1 26 -1 156 135 92 92
0 29 1 396 111 91 91
1 25 -1 158 137 88 88
0 33 1 393 109 93 93
1 28 -1 156 137 89 89
0 33 1 393 109 93 93
1 26 -1 155 137 92 92
0 29 1 391 110 93 93
1 28 -1 156 137 91 91
0 29 1 390 109 94 94
1 26 -1 154 137 90 90
0 29 1 384 106 100 100
1 25 -1 156 138 86 86
0 29 1 385 107 97 97
1 25 -1 156 139 87 87
0 29 1 382 109 99 99
1 25 -1 155 138 88 88
0 33 1 377 112 94 94
1 25 -1 156 136 92 92
0 25 -1 153 137 92 92
1 29 1 369 112 89 89
0 63 1 354 110 98 98
1 26 -1 156 136 90 90
0 33 1 344 119 93 93
1 26 -1 156 136 92 92
0 33 1 335 117 95 95
1 25 -1 158 139 85 85
0 25 -1 157 138 90 90
1 29 1 337 124 84 84
0 52 1 330 121 92 92
1 25 -1 158 137 91 91
0 25 -1 156 137 92 92
1 33 1 335 131 83 83
0 25 -1 156 137 91 91
1 33 1 334 128 84 84
0 25 -1 156 137 91 91
1 33 1 328 130 89 89
0 33 1 326 130 89 89
1 25 -1 160 139 88 88
0 33 1 326 130 89 89
1 25 -1 158 138 87 87
0 52 1 326 126 93 93
1 25 -1 159 136 89 89
0 33 1 323 124 93 93
1 25 -1 158 136 89 89
0 25 -1 159 135 92 92
1 33 1 325 125 91 91
0 33 1 327 128 89 89
1 25 -1 156 137 89 89
0 33 1 322 130 94 94
1 25 -1 159 136 90 90
0 33 1 320 122 93 93
1 25 -1 160 139 86 86
0 25 -1 157 138 90 90
1 52 1 323 129 85 85
0 55 1 317 122 92 92
1 25 -1 157 138 86 86
0 33 1 315 118 100 100
1 25 -1 158 142 84 84
0 25 -1 159 142 81 81
0 25 -1 156 138 87 87
1 33 1 323 126 80 80
0 26 -1 157 135 90 90
1 33 1 320 125 81 81
0 25 -1 158 137 87 87
0 25 -1 157 137 89 89
0 26 -1 157 133 92 92
0 25 -1 157 137 89 89
0 26 -1 156 136 92 92
1 33 1 314 118 86 86
0 25 -1 158 138 87 87
1 33 1 316 121 82 82
0 25 -1 156 137 90 90
0 25 -1 157 139 85 85
0 26 -1 155 137 88 88
0 25 -1 156 136 89 89
0 25 -1 157 136 88 88
1 29 1 320 129 74 74
0 25 -1 157 135 90 90
0 25 -1 156 136 88 88
0 25 -1 158 137 87 87
0 25 -1 159 138 86 86
0 28 -1 158 139 85 85
0 28 -1 159 137 84 84
0 45 -1 163 144 77 77
0 28 -1 163 143 75 75
0 47 -1 160 138 81 81
0 28 -1 162 139 79 79
0 28 -1 162 137 81 81
0 29 1 164 136 79 79
0 28 -1 161 135 84 84
0 39 1 303 116 102 102
1 26 -1 160 137 85 85
0 33 1 304 118 101 101
1 26 -1 160 139 86 86
0 47 1 305 117 95 95
1 28 -1 159 137 92 92
0 33 1 308 118 95 95
1 28 -1 158 138 89 89
0 28 -1 157 136 90 90
0 33 1 311 117 93 93
1 25 -1 157 136 91 91
0 26 -1 157 136 90 90
0 25 -1 157 136 89 89
0 33 1 318 122 89 89
1 25 -1 158 138 87 87
0 25 -1 159 137 88 88
1 33 1 320 122 85 85
0 33 1 318 124 90 90
1 25 -1 159 136 89 89
0 29 1 320 119 87 87
1 26 -1 162 140 84 84
0 33 1 316 117 92 92
1 28 -1 161 141 85 85
0 33 1 314 117 96 96
1 26 -1 162 141 84 84
0 29 1 319 122 89 89
1 25 -1 160 141 88 88
0 33 1 317 123 89 89
1 25 -1 163 142 85 85
0 63 1 320 123 91 91
1 25 -1 161 138 87 87
0 52 1 324 122 92 92
1 25 -1 163 140 84 84
0 33 1 332 122 89 89
1 25 -1 163 140 82 82
0 33 1 336 121 91 91
1 25 -1 161 140 89 89
0 25 -1 163 142 85 85
1 33 1 348 125 84 84
0 29 1 350 120 90 90
1 25 -1 161 140 90 90
0 33 1 354 117 93 93
1 25 -1 160 141 91 91
0 33 1 359 116 94 94
1 25 -1 160 141 88 88
0 33 1 365 116 92 92
1 25 -1 162 142 83 83
0 33 1 368 116 94 94
1 25 -1 161 142 83 83
0 33 1 374 115 92 92
1 25 -1 164 142 78 78
0 33 1 377 113 94 94
1 25 -1 162 141 82 82
0 33 1 382 112 94 94
1 25 -1 160 139 86 86
0 29 1 387 111 93 93
1 25 -1 162 140 84 84
0 29 1 391 111 92 92
1 25 -1 160 139 89 89
0 29 1 395 110 91 91
1 25 -1 162 142 84 84
0 29 1 399 111 90 90
1 25 -1 158 137 90 90
0 33 1 404 111 90 90
1 25 -1 159 139 87 87
0 33 1 405 109 91 91
1 25 -1 160 136 88 88
0 25 -1 159 135 92 92
1 33 1 407 109 91 91
0 33 1 409 109 90 90
1 25 -1 163 138 88 88
0 33 1 409 110 91 91
1 25 -1 159 135 91 91
0 25 -1 161 135 93 93
1 33 1 409 109 91 91
0 25 -1 160 135 93 93
1 33 1 410 111 90 90
0 25 -1 159 133 96 96
1 33 1 409 110 91 91
0 25 -1 157 133 97 97
1 33 1 408 111 89 89
0 33 1 406 110 91 91
1 25 -1 162 137 89 89
0 25 -1 164 137 89 89
1 33 1 407 110 87 87
0 33 1 403 108 91 91
1 25 -1 164 137 88 88
0 25 -1 163 133 92 92
1 29 1 402 110 89 89
0 25 -1 162 133 92 92
1 33 1 400 110 90 90
0 29 1 398 110 92 92
1 25 -1 163 135 89 89
0 25 -1 162 135 92 92
1 29 1 398 112 89 89
0 25 -1 163 135 90 90
1 33 1 397 113 88 88
0 33 1 396 115 87 87
1 28 -1 164 138 87 87
0 33 1 393 112 90 90
1 28 -1 165 140 85 85
0 29 1 389 113 93 93
1 25 -1 163 138 89 89
0 29 1 387 113 94 94
1 28 -1 164 135 91 91
0 33 1 384 111 96 96
1 25 -1 162 135 91 91
0 29 1 382 110 99 99
1 25 -1 162 137 92 92
0 29 1 383 112 98 98
1 25 -1 166 139 85 85
0 29 1 383 114 97 97
1 25 -1 162 137 91 91
0 29 1 386 116 94 94
1 25 -1 164 139 93 93
0 29 1 387 115 95 95
1 25 -1 166 141 87 87
0 29 1 387 116 96 96
1 25 -1 164 141 88 88
0 29 1 392 118 93 93
1 25 -1 163 139 92 92
0 33 1 391 117 96 96
1 25 -1 164 142 91 91
0 29 1 391 116 97 97
1 25 -1 164 139 91 91
0 33 1 392 118 94 94
1 25 -1 164 141 92 92
0 33 1 394 121 91 91
1 25 -1 165 140 90 90
0 33 1 394 120 92 92
1 25 -1 166 143 90 90
0 25 -1 162 142 93 93
1 33 1 396 122 89 89
0 28 -1 160 145 92 92
1 33 1 395 119 90 90
0 33 1 395 118 89 89
1 33 -1 154 151 88 88
0 33 1 392 117 89 89
1 33 -1 144 151 88 88
0 33 1 392 117 90 90
1 45 -1 139 156 83 83
0 33 1 391 117 90 90
1 47 -1 136 158 81 81
0 33 1 389 115 91 91
1 47 -1 133 160 80 80
0 33 1 390 116 89 89
1 45 -1 128 161 81 81
0 33 1 389 115 90 90
1 45 -1 124 162 83 83
0 33 1 390 114 92 92
1 45 -1 121 160 86 86
0 33 1 391 113 89 89
1 45 -1 121 159 84 84
0 33 1 392 115 89 89
1 45 -1 119 155 87 87
0 33 1 395 114 88 88
1 37 -1 120 153 84 84
0 33 1 395 112 91 91
1 37 -1 118 147 89 89
0 33 1 397 113 92 92
1 33 -1 120 149 84 84
0 33 1 400 116 89 89
1 33 -1 122 148 84 84
0 33 1 400 114 92 92
1 45 -1 121 145 87 87
0 33 1 401 116 94 94
1 45 -1 123 145 86 86
0 33 1 406 118 87 87
1 45 -1 122 143 85 85
0 29 1 406 118 89 89
1 45 -1 120 143 86 86
0 33 1 405 118 92 92
1 33 -1 122 146 82 82
0 33 1 406 119 90 90
1 33 -1 121 143 85 85
0 29 1 407 120 88 88
1 33 -1 124 144 83 83
0 29 1 404 119 91 91
1 45 -1 123 138 85 85
0 29 1 402 115 91 91
1 47 -1 127 139 83 83
0 29 1 403 118 89 89
1 33 -1 127 140 81 81
0 29 1 399 117 92 92
1 33 -1 125 139 84 84
0 29 1 401 116 91 91
1 33 -1 124 139 86 86
0 29 1 402 118 90 90
1 45 -1 129 140 81 81
0 29 1 401 118 91 91
1 33 -1 131 143 80 80
0 29 1 402 120 89 89
1 33 -1 131 144 79 79
0 29 1 401 119 89 89
1 45 -1 128 145 82 82
0 29 1 403 120 87 87
1 45 -1 129 146 81 81
0 29 1 399 119 90 90
1 45 -1 128 145 81 81
0 33 1 397 118 91 91
1 45 -1 129 144 80 80
0 33 1 396 118 90 90
1 45 -1 128 142 83 83
0 33 1 396 116 90 90
1 47 -1 130 143 83 83
0 29 1 395 115 90 90
1 52 -1 135 148 80 80
0 29 1 395 116 90 90
1 52 -1 140 147 81 81
0 33 -1 146 141 88 88
1 33 1 398 117 87 87
0 28 -1 152 140 87 87
1 29 1 398 121 86 86
0 28 -1 153 137 94 94
1 33 1 399 121 85 85
0 28 -1 157 139 90 90
1 29 1 397 120 89 89
0 28 -1 157 140 89 89
1 29 1 398 121 88 88
0 28 -1 157 140 90 90
1 33 1 399 120 88 88
0 28 -1 154 139 90 90
1 33 1 400 118 87 87
0 28 -1 155 140 90 90
1 33 1 400 118 87 87
0 28 -1 156 138 89 89
1 33 1 402 119 85 85
0 26 -1 155 139 91 91
1 33 1 402 117 87 87
0 28 -1 157 139 89 89
1 29 1 404 119 86 86
0 33 1 402 119 88 88
1 28 -1 157 142 88 88
0 28 -1 157 141 88 88
1 33 1 401 122 87 87
0 29 1 398 122 87 87
1 28 -1 156 141 87 87
0 29 1 392 120 89 89
1 26 -1 156 142 89 89
0 26 -1 154 138 96 96
1 29 1 387 121 84 84
0 28 -1 153 136 95 95
1 29 1 380 120 86 86
0 26 -1 153 137 93 93
1 29 1 375 119 86 86
0 26 -1 153 137 93 93
1 33 1 369 119 88 88
0 26 -1 153 137 94 94
1 33 1 367 121 84 84
0 28 -1 154 137 93 93
1 33 1 364 122 85 85
0 25 -1 155 136 93 93
1 33 1 363 122 85 85
0 25 -1 155 139 91 91
1 33 1 360 124 86 86
0 26 -1 156 140 90 90
1 33 1 361 125 88 88
0 25 -1 156 139 90 90
1 33 1 364 127 86 86
0 33 1 366 128 86 86
1 25 -1 158 142 84 84
0 25 -1 155 138 91 91
1 33 1 367 127 89 89
0 25 -1 156 138 91 91
1 33 1 371 127 86 86
0 25 -1 155 138 93 93
1 29 1 376 126 85 85
0 25 -1 154 139 95 95
1 29 1 379 124 86 86
0 33 1 380 122 90 90
1 25 -1 156 143 89 89
0 33 1 384 122 90 90
1 25 -1 158 143 88 88
0 29 1 385 119 93 93
1 25 -1 156 145 92 92
0 29 1 390 121 88 88
1 25 -1 157 152 87 87
0 29 1 392 121 89 89
1 25 -1 159 155 88 88
0 29 1 393 120 92 92
1 25 -1 160 155 89 89
0 33 1 394 118 94 94
1 25 -1 165 159 84 84
0 29 1 393 117 98 98
1 25 -1 165 161 89 89
0 29 1 399 121 91 91
1 26 -1 170 169 81 81
0 29 1 400 120 91 91
1 28 1 173 171 80 80
0 29 1 403 120 92 92
1 28 1 173 168 81 81
0 29 1 402 121 92 92
1 28 1 174 164 85 85
0 33 1 406 123 88 88
1 28 1 173 164 81 81
0 29 1 404 122 90 90
1 27 1 170 157 88 88
0 33 1 405 121 88 88
1 26 1 171 158 84 84
0 29 1 403 122 89 89
1 26 1 172 156 87 87
0 29 1 401 120 91 91
1 25 -1 170 156 86 86
0 29 1 397 118 94 94
1 28 -1 170 155 85 85
0 29 1 399 121 92 92
1 25 -1 169 154 85 85
0 28 -1 164 150 93 93
1 33 1 399 118 90 90
0 29 1 394 117 93 93
1 25 -1 167 150 86 86
0 29 1 394 116 93 93
1 25 -1 166 147 91 91
0 29 1 394 119 90 90
1 26 -1 165 148 86 86
0 33 1 392 118 90 90
1 26 -1 165 144 88 88
0 33 1 389 116 93 93
1 28 -1 162 143 92 92
0 33 1 388 116 94 94
1 27 -1 164 143 90 90
0 33 1 389 117 93 93
1 26 -1 167 144 85 85
0 33 1 389 118 92 92
1 25 -1 161 145 91 91
0 33 1 389 118 92 92
1 25 -1 162 146 90 90
0 33 1 391 117 93 93
1 28 1 164 147 83 83
0 33 1 391 116 97 97
1 25 -1 163 147 87 87
0 33 1 393 115 94 94
1 25 -1 162 147 84 84
0 33 1 396 112 91 91
1 25 -1 159 146 86 86
