0 394 102 95 95
1 113 140 85 85
0 395 101 95 95
1 114 141 84 84
0 397 99 98 98
1 114 145 83 83
0 402 103 93 93
1 113 142 83 83
0 403 102 92 92
1 113 141 84 84
0 403 104 93 93
1 112 140 86 86
0 402 105 93 93
1 113 142 84 84
0 402 107 91 91
1 112 142 86 86
0 401 106 93 93
1 113 142 83 83
0 399 105 94 94
1 113 139 82 82
0 399 104 94 94
1 112 137 87 87
0 401 102 93 93
1 117 138 80 80
0 403 102 91 91
1 115 136 84 84
0 404 104 91 91
1 117 139 82 82
0 406 105 91 91
1 116 139 84 84
0 408 106 88 88
1 114 140 86 86
0 410 106 88 88
1 114 142 85 85
0 407 106 92 92
1 114 147 82 82
0 408 106 90 90
1 114 144 84 84
0 405 103 93 93
1 113 142 84 84
0 407 104 88 88
1 113 142 86 86
0 403 102 90 90
1 113 143 83 83
0 402 105 88 88
1 113 142 85 85
0 400 103 90 90
1 114 144 83 83
0 398 102 94 94
1 114 146 83 83
0 396 102 94 94
1 112 145 87 87
0 394 102 95 95
1 113 146 83 83
0 394 103 94 94
1 113 145 86 86
0 393 101 94 94
1 112 145 86 86
0 391 102 96 96
1 113 144 86 86
0 392 101 93 93
1 113 144 85 85
0 392 102 93 93
1 111 142 89 89
0 391 101 95 95
1 112 144 85 85
0 394 103 92 92
1 114 145 85 85
0 396 103 89 89
1 114 145 86 86
0 395 102 91 91
1 113 145 86 86
0 394 102 93 93
1 115 147 83 83
0 393 102 93 93
1 114 147 83 83
0 393 102 92 92
1 113 146 83 83
0 392 102 93 93
1 113 146 84 84
0 391 101 96 96
1 113 146 84 84
0 392 100 93 93
1 112 146 85 85
0 390 102 94 94
1 113 147 84 84
0 390 104 93 93
1 112 148 84 84
0 391 106 91 91
1 110 146 85 85
0 390 104 93 93
1 111 147 85 85
0 392 105 90 90
1 110 146 86 86
0 392 105 91 91
1 110 146 86 86
0 110 144 88 88
1 395 107 86 86
0 393 106 88 88
1 111 148 85 85
0 393 106 88 88
1 111 146 85 85
0 394 106 88 88
1 111 144 85 85
0 110 140 88 88
1 393 112 87 87
0 110 139 88 88
1 395 113 85 85
0 393 108 89 89
1 111 140 86 86
0 392 108 89 89
1 110 140 87 87
0 388 105 96 96
1 111 141 84 84
0 388 105 94 94
1 111 140 84 84
0 385 103 97 97
1 111 140 85 85
0 386 104 93 93
1 111 139 87 87
0 382 104 95 95
1 111 137 87 87
0 381 102 95 95
1 113 137 85 85
0 382 104 92 92
1 114 138 84 84
0 379 102 98 98
1 115 138 84 84
0 382 102 93 93
1 115 140 85 85
0 380 103 97 97
1 115 140 84 84
0 384 105 90 90
1 115 140 84 84
0 385 108 92 92
1 116 140 83 83
0 385 110 93 93
1 115 139 86 86
0 387 110 90 90
1 115 139 85 85
0 385 105 97 97
1 115 138 85 85
0 387 105 96 96
1 115 139 84 84
0 391 107 93 93
1 114 138 86 86
0 391 109 92 92
1 114 138 86 86
0 394 107 92 92
1 114 139 87 87
0 393 109 94 94
1 115 139 86 86
0 392 107 96 96
1 114 139 86 86
0 394 108 92 92
1 114 139 86 86
0 392 104 96 96
1 114 144 84 84
0 393 105 94 94
1 115 145 82 82
0 391 105 98 98
1 115 145 83 83
0 391 106 94 94
1 114 143 84 84
0 390 109 93 93
1 113 143 85 85
0 389 109 94 94
1 114 145 83 83
0 387 108 94 94
1 112 143 85 85
0 388 107 94 94
1 113 144 85 85
0 385 105 97 97
1 113 144 84 84
0 387 107 93 93
1 112 145 85 85
0 387 108 92 92
1 112 145 85 85
0 386 108 92 92
1 113 146 84 84
0 384 107 93 93
1 111 146 85 85
0 383 105 96 96
1 112 146 85 85
0 385 106 95 95
1 111 146 85 85
0 386 106 93 93
1 110 145 86 86
0 383 103 100 100
1 111 147 84 84
0 385 101 97 97
1 114 150 79 79
0 387 100 96 96
1 113 148 81 81
0 390 102 94 94
1 112 146 82 82
0 389 102 97 97
1 111 146 84 84
0 392 103 95 95
1 110 145 84 84
0 390 103 98 98
1 108 145 86 86
0 393 103 95 95
1 109 146 84 84
0 391 104 95 95
1 108 147 83 83
0 392 105 95 95
1 109 146 84 84
0 390 104 96 96
1 107 144 85 85
0 390 104 95 95
1 108 144 84 84
0 385 102 100 100
1 108 144 84 84
0 385 102 100 100
1 108 143 85 85
0 386 103 99 99
1 107 144 85 85
0 388 106 97 97
1 108 145 83 83
0 390 105 96 96
1 109 145 84 84
0 388 106 97 97
1 108 145 85 85
0 392 106 92 92
1 108 145 84 84
0 393 106 91 91
1 109 143 86 86
0 394 106 91 91
1 110 145 84 84
0 391 104 98 98
1 110 144 85 85
0 391 104 97 97
1 110 145 83 83
0 393 106 95 95
1 112 150 81 81
0 394 107 94 94
1 113 150 82 82
0 395 111 94 94
1 112 148 84 84
0 394 112 94 94
1 113 149 82 82
0 394 111 93 93
1 112 148 83 83
0 396 112 91 91
1 111 146 85 85
0 393 111 92 92
1 112 146 84 84
0 394 110 91 91
1 112 146 83 83
0 393 109 91 91
1 112 145 84 84
0 393 110 90 90
1 113 148 81 81
0 394 109 89 89
1 112 145 84 84
0 395 109 90 90
1 111 143 86 86
0 396 108 91 91
1 110 143 87 87
0 399 108 90 90
1 112 145 84 84
0 399 108 89 89
1 111 141 86 86
0 401 108 89 89
1 112 139 86 86
0 401 107 92 92
1 111 138 87 87
0 405 108 90 90
1 111 138 86 86
0 405 108 90 90
1 110 137 88 88
0 407 109 89 89
1 112 138 84 84
0 408 109 88 88
1 111 139 85 85
0 407 108 91 91
1 111 137 84 84
0 407 108 90 90
1 110 138 85 85
0 409 108 89 89
1 110 138 85 85
0 407 108 90 90
1 111 138 85 85
0 404 106 91 91
1 110 138 86 86
0 404 106 89 89
1 110 139 86 86
0 405 107 89 89
1 109 139 86 86
0 403 107 91 91
1 109 140 86 86
0 401 108 91 91
1 109 140 84 84
0 402 109 88 88
1 109 141 85 85
0 399 106 92 92
1 110 140 83 83
0 399 106 90 90
1 109 140 84 84
0 397 104 93 93
1 110 140 84 84
0 395 105 94 94
1 111 141 83 83
0 397 106 92 92
1 111 141 84 84
0 396 103 97 97
1 111 141 84 84
0 398 104 94 94
1 110 141 85 85
0 400 107 93 93
1 111 142 85 85
0 401 108 94 94
1 112 143 83 83
0 400 109 92 92
1 111 145 81 81
0 402 107 91 91
1 112 147 80 80
0 399 106 94 94
1 111 144 82 82
0 400 105 94 94
1 110 141 83 83
0 397 106 96 96
1 110 141 83 83
0 394 106 96 96
1 109 141 84 84
0 388 109 93 93
1 110 142 83 83
0 376 108 95 95
1 109 143 83 83
0 369 111 90 90
1 110 145 82 82
0 359 113 94 94
1 109 145 84 84
0 347 111 102 102
1 109 145 83 83
0 344 116 98 98
1 109 143 84 84
0 344 122 92 92
1 109 144 86 86
0 331 115 100 100
1 109 144 86 86
0 335 121 93 93
1 110 145 85 85
0 109 145 85 85
0 331 121 89 89
1 110 145 84 84
0 333 125 91 91
1 109 145 86 86
0 336 127 90 90
1 107 144 88 88
0 338 127 88 88
1 108 144 87 87
0 340 126 90 90
1 108 145 85 85
0 345 131 85 85
1 109 145 85 85
0 343 128 86 86
1 109 144 85 85
0 108 142 87 87
1 344 130 79 79
0 110 144 84 84
1 340 128 82 82
0 110 144 85 85
1 340 124 80 80
0 110 144 86 86
1 336 123 82 82
0 331 120 90 90
1 111 144 83 83
0 332 124 90 90
1 110 145 84 84
0 331 121 86 86
1 109 143 85 85
0 109 143 86 86
0 325 121 90 90
1 111 142 83 83
0 323 118 93 93
1 109 141 85 85
0 320 115 96 96
1 111 141 84 84
0 110 142 84 84
0 110 141 85 85
0 110 141 83 83
1 329 118 79 79
0 108 140 86 86
0 109 142 84 84
0 109 141 83 83
0 109 141 83 83
0 108 140 85 85
0 330 120 85 85
1 109 143 83 83
0 110 144 83 83
0 110 145 81 81
0 111 144 82 82
0 110 144 84 84
0 330 117 94 94
1 110 144 82 82
0 326 114 98 98
1 109 142 82 82
0 333 122 90 90
1 108 139 86 86
0 109 138 87 87
1 336 123 85 85
0 330 116 95 95
1 109 137 86 86
0 340 126 87 87
1 111 139 85 85
0 111 142 85 85
1 342 127 85 85
0 343 126 90 90
1 111 143 85 85
0 342 121 89 89
1 111 144 85 85
0 336 118 95 95
1 110 146 85 85
0 334 115 94 94
1 110 145 85 85
0 110 145 86 86
1 337 124 86 86
0 110 144 85 85
1 337 124 82 82
0 110 143 86 86
0 109 140 88 88
1 337 122 74 74
0 110 141 87 87
0 330 120 90 90
1 111 143 85 85
0 326 123 90 90
1 111 141 86 86
0 329 120 90 90
1 112 143 84 84
0 111 143 86 86
0 110 143 86 86
1 337 123 76 76
0 109 143 88 88
0 110 144 85 85
0 108 143 87 87
0 326 125 90 90
1 109 143 86 86
0 109 142 85 85
0 109 141 85 85
0 109 141 86 86
1 333 129 72 72
0 110 142 86 86
0 109 141 86 86
0 108 141 87 87
0 109 143 85 85
0 109 143 83 83
0 107 142 88 88
0 107 142 86 86
0 326 120 90 90
1 109 144 84 84
0 110 144 82 82
0 109 143 85 85
0 108 142 87 87
0 316 113 101 101
1 108 142 86 86
0 108 143 87 87
0 314 114 103 103
1 107 143 87 87
0 320 117 100 100
1 108 145 85 85
0 324 121 96 96
1 111 144 86 86
0 318 120 101 101
1 119 143 86 86
0 319 125 94 94
1 129 143 83 83
0 322 127 89 89
1 135 138 89 89
0 141 138 90 90
1 325 130 85 85
0 324 126 91 91
1 146 138 91 91
0 152 139 90 90
1 331 127 89 89
0 337 124 91 91
1 155 139 91 91
0 157 140 92 92
1 349 122 90 90
0 351 120 93 93
1 157 140 92 92
0 158 139 93 93
1 361 119 92 92
0 363 114 98 98
1 160 141 89 89
0 369 114 95 95
1 158 139 93 93
0 376 114 94 94
1 158 140 93 93
0 159 138 93 93
1 382 114 91 91
0 385 111 94 94
1 159 140 90 90
0 392 112 89 89
1 159 141 87 87
0 393 111 92 92
1 158 141 90 90
0 398 110 91 91
1 158 141 89 89
0 400 112 89 89
1 158 141 89 89
0 402 112 89 89
1 160 141 88 88
0 156 140 92 92
1 402 111 91 91
0 156 138 94 94
1 402 111 91 91
0 157 138 93 93
1 404 111 90 90
0 157 138 94 94
1 404 112 91 91
0 158 139 91 91
1 403 114 90 90
0 159 140 91 91
1 404 114 89 89
0 401 115 93 93
1 158 142 90 90
0 400 114 92 92
1 157 142 89 89
0 398 111 93 93
1 157 137 93 93
0 398 112 91 91
1 158 138 90 90
0 398 113 90 90
1 158 138 90 90
0 398 110 91 91
1 158 138 89 89
0 397 108 93 93
1 158 138 90 90
0 396 108 93 93
1 158 137 91 91
0 157 136 93 93
1 400 107 91 91
0 156 135 94 94
1 400 107 92 92
0 398 105 96 96
1 155 137 94 94
0 402 106 93 93
1 158 137 90 90
0 402 107 92 92
1 158 137 89 89
0 405 106 91 91
1 158 136 90 90
0 157 137 90 90
1 408 108 88 88
0 407 108 91 91
1 157 135 91 91
0 407 106 93 93
1 158 135 91 91
0 405 107 95 95
1 158 137 90 90
0 408 109 92 92
1 156 139 89 89
0 405 109 94 94
1 157 138 88 88
0 156 137 90 90
1 407 110 89 89
0 403 110 93 93
1 156 137 90 90
0 156 137 90 90
1 403 112 89 89
0 398 110 94 94
1 155 135 93 93
0 398 110 93 93
1 156 135 93 93
0 396 111 92 92
1 158 137 89 89
0 393 109 94 94
1 156 137 90 90
0 393 109 94 94
1 155 137 93 93
0 391 110 94 94
1 156 137 92 92
0 390 109 95 95
1 154 137 91 91
0 384 106 101 101
1 156 138 87 87
0 385 107 98 98
1 156 139 88 88
0 382 109 100 100
1 155 138 89 89
0 377 112 95 95
1 156 136 93 93
0 153 137 93 93
1 369 112 90 90
0 354 110 99 99
1 156 136 91 91
0 344 119 94 94
1 156 136 93 93
0 335 117 96 96
1 158 139 86 86
0 157 138 91 91
1 337 124 85 85
0 330 121 93 93
1 158 137 92 92
0 156 137 93 93
1 335 131 84 84
0 156 137 92 92
1 334 128 85 85
0 156 137 92 92
1 328 130 90 90
0 326 130 90 90
1 160 139 89 89
0 326 130 90 90
1 158 138 88 88
0 326 126 94 94
1 159 136 90 90
0 323 124 94 94
1 158 136 90 90
0 159 135 93 93
1 325 125 92 92
0 327 128 90 90
1 156 137 90 90
0 322 130 95 95
1 159 136 91 91
0 320 122 94 94
1 160 139 87 87
0 157 138 91 91
1 323 129 86 86
0 317 122 93 93
1 157 138 87 87
0 315 118 101 101
1 158 142 85 85
0 159 142 82 82
0 156 138 88 88
1 323 126 81 81
0 157 135 91 91
1 320 125 82 82
0 158 137 88 88
0 157 137 90 90
0 157 133 93 93
0 157 137 90 90
0 156 136 93 93
1 314 118 87 87
0 158 138 88 88
1 316 121 83 83
0 156 137 91 91
0 157 139 86 86
0 155 137 89 89
0 156 136 90 90
0 157 136 89 89
1 320 129 75 75
0 157 135 91 91
0 156 136 89 89
0 158 137 88 88
0 159 138 87 87
0 158 139 86 86
0 159 137 85 85
0 163 144 78 78
0 163 143 76 76
0 160 138 82 82
0 162 139 80 80
0 162 137 82 82
0 164 136 80 80
0 161 135 85 85
0 303 116 103 103
1 160 137 86 86
0 304 118 102 102
1 160 139 87 87
0 305 117 96 96
1 159 137 93 93
0 308 118 96 96
1 158 138 90 90
0 157 136 91 91
0 311 117 94 94
1 157 136 92 92
0 157 136 91 91
0 157 136 90 90
0 318 122 90 90
1 158 138 88 88
0 159 137 89 89
1 320 122 86 86
0 318 124 91 91
1 159 136 90 90
0 320 119 88 88
1 162 140 85 85
0 316 117 93 93
1 161 141 86 86
0 314 117 97 97
1 162 141 85 85
0 319 122 90 90
1 160 141 89 89
0 317 123 90 90
1 163 142 86 86
0 320 123 92 92
1 161 138 88 88
0 324 122 93 93
1 163 140 85 85
0 332 122 90 90
1 163 140 83 83
0 336 121 92 92
1 161 140 90 90
0 163 142 86 86
1 348 125 85 85
0 350 120 91 91
1 161 140 91 91
0 354 117 94 94
1 160 141 92 92
0 359 116 95 95
1 160 141 89 89
0 365 116 93 93
1 162 142 84 84
0 368 116 95 95
1 161 142 84 84
0 374 115 93 93
1 164 142 79 79
0 377 113 95 95
1 162 141 83 83
0 382 112 95 95
1 160 139 87 87
0 387 111 94 94
1 162 140 85 85
0 391 111 93 93
1 160 139 90 90
0 395 110 92 92
1 162 142 85 85
0 399 111 91 91
1 158 137 91 91
0 404 111 91 91
1 159 139 88 88
0 405 109 92 92
1 160 136 89 89
0 159 135 93 93
1 407 109 92 92
0 409 109 91 91
1 163 138 89 89
0 409 110 92 92
1 159 135 92 92
0 161 135 94 94
1 409 109 92 92
0 160 135 94 94
1 410 111 91 91
0 159 133 97 97
1 409 110 92 92
0 157 133 98 98
1 408 111 90 90
0 406 110 92 92
1 162 137 90 90
0 164 137 90 90
1 407 110 88 88
0 403 108 92 92
1 164 137 89 89
0 163 133 93 93
1 402 110 90 90
0 162 133 93 93
1 400 110 91 91
0 398 110 93 93
1 163 135 90 90
0 162 135 93 93
1 398 112 90 90
0 163 135 91 91
1 397 113 89 89
0 396 115 88 88
1 164 138 88 88
0 393 112 91 91
1 165 140 86 86
0 389 113 94 94
1 163 138 90 90
0 387 113 95 95
1 164 135 92 92
0 384 111 97 97
1 162 135 92 92
0 382 110 100 100
1 162 137 93 93
0 383 112 99 99
1 166 139 86 86
0 383 114 98 98
1 162 137 92 92
0 386 116 95 95
1 164 139 94 94
0 387 115 96 96
1 166 141 88 88
0 387 116 97 97
1 164 141 89 89
0 392 118 94 94
1 163 139 93 93
0 391 117 97 97
1 164 142 92 92
0 391 116 98 98
1 164 139 92 92
0 392 118 95 95
1 164 141 93 93
0 394 121 92 92
1 165 140 91 91
0 394 120 93 93
1 166 143 91 91
0 162 142 94 94
1 396 122 90 90
0 160 145 93 93
1 395 119 91 91
0 395 118 90 90
1 154 151 89 89
0 392 117 90 90
1 144 151 89 89
0 392 117 91 91
1 139 156 84 84
0 391 117 91 91
1 136 158 82 82
0 389 115 92 92
1 133 160 81 81
0 390 116 90 90
1 128 161 82 82
0 389 115 91 91
1 124 162 84 84
0 390 114 93 93
1 121 160 87 87
0 391 113 90 90
1 121 159 85 85
0 392 115 90 90
1 119 155 88 88
0 395 114 89 89
1 120 153 85 85
0 395 112 92 92
1 118 147 90 90
0 397 113 93 93
1 120 149 85 85
0 400 116 90 90
1 122 148 85 85
0 400 114 93 93
1 121 145 88 88
0 401 116 95 95
1 123 145 87 87
0 406 118 88 88
1 122 143 86 86
0 406 118 90 90
1 120 143 87 87
0 405 118 93 93
1 122 146 83 83
0 406 119 91 91
1 121 143 86 86
0 407 120 89 89
1 124 144 84 84
0 404 119 92 92
1 123 138 86 86
0 402 115 92 92
1 127 139 84 84
0 403 118 90 90
1 127 140 82 82
0 399 117 93 93
1 125 139 85 85
0 401 116 92 92
1 124 139 87 87
0 402 118 91 91
1 129 140 82 82
0 401 118 92 92
1 131 143 81 81
0 402 120 90 90
1 131 144 80 80
0 401 119 90 90
1 128 145 83 83
0 403 120 88 88
1 129 146 82 82
0 399 119 91 91
1 128 145 82 82
0 397 118 92 92
1 129 144 81 81
0 396 118 91 91
1 128 142 84 84
0 396 116 91 91
1 130 143 84 84
0 395 115 91 91
1 135 148 81 81
0 395 116 91 91
1 140 147 82 82
0 146 141 89 89
1 398 117 88 88
0 152 140 88 88
1 398 121 87 87
0 153 137 95 95
1 399 121 86 86
0 157 139 91 91
1 397 120 90 90
0 157 140 90 90
1 398 121 89 89
0 157 140 91 91
1 399 120 89 89
0 154 139 91 91
1 400 118 88 88
0 155 140 91 91
1 400 118 88 88
0 156 138 90 90
1 402 119 86 86
0 155 139 92 92
1 402 117 88 88
0 157 139 90 90
1 404 119 87 87
0 402 119 89 89
1 157 142 89 89
0 157 141 89 89
1 401 122 88 88
0 398 122 88 88
1 156 141 88 88
0 392 120 90 90
1 156 142 90 90
0 154 138 97 97
1 387 121 85 85
0 153 136 96 96
1 380 120 87 87
0 153 137 94 94
1 375 119 87 87
0 153 137 94 94
1 369 119 89 89
0 153 137 95 95
1 367 121 85 85
0 154 137 94 94
1 364 122 86 86
0 155 136 94 94
1 363 122 86 86
0 155 139 92 92
1 360 124 87 87
0 156 140 91 91
1 361 125 89 89
0 156 139 91 91
1 364 127 87 87
0 366 128 87 87
1 158 142 85 85
0 155 138 92 92
1 367 127 90 90
0 156 138 92 92
1 371 127 87 87
0 155 138 94 94
1 376 126 86 86
0 154 139 96 96
1 379 124 87 87
0 380 122 91 91
1 156 143 90 90
0 384 122 91 91
1 158 143 89 89
0 385 119 94 94
1 156 145 93 93
0 390 121 89 89
1 157 152 88 88
0 392 121 90 90
1 159 155 89 89
0 393 120 93 93
1 160 155 90 90
0 394 118 95 95
1 165 159 85 85
0 393 117 99 99
1 165 161 90 90
0 399 121 92 92
1 170 169 82 82
0 400 120 92 92
1 173 171 81 81
0 403 120 93 93
1 173 168 82 82
0 402 121 93 93
1 174 164 86 86
0 406 123 89 89
1 173 164 82 82
0 404 122 91 91
1 170 157 89 89
0 405 121 89 89
1 171 158 85 85
0 403 122 90 90
1 172 156 88 88
0 401 120 92 92
1 170 156 87 87
0 397 118 95 95
1 170 155 86 86
0 399 121 93 93
1 169 154 86 86
0 164 150 94 94
1 399 118 91 91
0 394 117 94 94
1 167 150 87 87
0 394 116 94 94
1 166 147 92 92
0 394 119 91 91
1 165 148 87 87
0 392 118 91 91
1 165 144 89 89
0 389 116 94 94
1 162 143 93 93
0 388 116 95 95
1 164 143 91 91
0 389 117 94 94
1 167 144 86 86
0 389 118 93 93
1 161 145 92 92
0 389 118 93 93
1 162 146 91 91
0 391 117 94 94
1 164 147 84 84
0 391 116 98 98
1 163 147 88 88
0 393 115 95 95
1 162 147 85 85
0 396 112 92 92
1 159 146 87 87
